//                   How To Write
//  
//  8888    888888    88    88      88      88  88
//  88  88  88      88  88  88      88      88  88
//  8888    8888    888888  88      88        88
//  88  88  88      88  88  88      88        88  
//  88  88  888888  88  88  888888  888888    88  
//  
//              8888      88    8888    
//              88  88  88  88  88  88  
//              8888    88  88  88  88  
//              88  88  888888  88  88  
//              8888    88  88  8888    
//  
//      888888  888888    8888  888888    8888  
//        88    88      88        88    88      
//        88    8888      88      88      88    
//        88    88          88    88        88  
//        88    888888  8888      88    8888
//  
//                    Dan Wiebe
//                     @dnwiebe
//              https://substratum.net
